866
564
844
790
1031
1104
967
1207
1190
1416
741
397
584
622
773
777
1775
1325
835
1436
853
840
2553
728
457
517
554
1314
402
421
339
295
236
293
445
299
164
193
261
200
317
347
501
413
728
351
503
488
476
437
319
278
413
516
473
520
439
286
429
405
315
416
541
345
413
440
269
554
356
359
688
326
402
372
342
351
248
412
276
598
738
377
253
697
427
350
512
778
422
456
368
328
283
391
297
202
226
282
213
176
232
256
173
236
298
251
400
277
642
444
394
456
343
308
230
274
333
302
363
404
254
406
233
350
181
465
339
420
313
533
260
380
592
279
137
348
353
246
188
204
263
287
215
295
438
180
314
43
237
322
367
381
372
472
269
517
181
297
284
259
257
211
333
279
255
188
178
180
355
287
327
146
108
224
212
216
229
152
366
80
168
135
199
245
303
119
206
95
241
229
233
139
336
236
156
228
137
189
223
162
149
250
71
371
148
144
121
195
98
306
122
85
141
194
181
86
162
194
184
62
53
77
115
81
369
127
133
68
105
157
94
185
113
131
157
115
71
52
47
238
85
58
102
191
125
53
74
81
53
104
84
108
161
273
240
74
290
163
62
187
155
74
98
160
55
129
78
58
154
137
431
31
52
74
55
116
45
51
222
62
43
45
126
73
45
39
29
87
94
147
167
100
52
74
37
85
61
34
308
52
37
121
33
61
430
22
205
69
50
34
45
77
77
16
80
26
61
110
74
86
57
29
82
31
39
133
125
68
55
152
29
80
47
70
167
123
35
57
47
33
36
64
63
47
141
130
82
90
114
82
39
127
49
110
32
50
34
55
54
172
98
37
45
11
28
127
129
36
46
126
33
51
40
37
36
50
200
62
165
18
77
27
20
34
39
38
51
18
102
92
76
109
23
48
47
24
91
94
62
151
56
62
411
44
67
31
42
48
33
81
16
42
56
30
45
34
137
39
46
40
20
44
48
16
63
14
30
39
42
40
47
94
34
16
39
64
28
63
22
16
5
18
7
11
37
29
32
53
22
216
25
9
113
92
26
13
7
6
11
5
14
8
7
20
168
63
107
39
56
165
54
25
23
13
4
2
13
2
6
4
27
53
48
41
14
4
80
235
2
5
14
15
35
3
88
6
32
26
7
55
14
157
69
149
31
26
8
13
13
171
28
53
5
7
16
8
34
146
18
4
8
9
16
46
45
7
101
17
113
5
13
10
26
40
10
7
11
6
9
274
18
9
26
18
8
13
21
9
18
3
4
2
9
8
5
15
3
3
36
12
8
2
11
24
9
6
15
5
3
4
4
8
11
9
44
10
2
2
7
11
6
14
5
28
3
8
4
27
8
2
12
0
8
9
17
21
1
11
2
7
6
12
17
23
32
18
62
