732
1030
1104
966
1206
1187
1408
741
397
583
617
773
774
1773
1324
833
1435
849
833
2552
728
457
517
554
1313
402
421
339
295
236
292
445
299
164
193
261
200
317
346
501
413
728
350
503
488
476
437
319
278
413
516
472
520
439
286
429
405
315
416
541
345
413
440
269
554
356
359
684
326
402
372
342
351
248
412
276
598
738
377
253
697
426
350
512
777
422
456
368
328
283
391
297
202
226
282
213
176
232
256
173
236
298
251
400
277
642
444
394
454
343
308
230
274
333
300
363
404
254
406
233
350
181
465
339
420
313
526
260
380
592
279
137
348
353
246
188
204
263
287
215
293
438
180
314
43
237
322
367
381
372
472
269
517
181
297
284
259
257
211
333
279
255
188
175
180
355
287
323
146
108
224
212
216
229
152
366
80
168
135
199
245
303
119
206
95
241
229
232
139
336
236
156
228
137
189
220
161
149
250
71
371
148
144
121
195
98
306
122
85
141
194
181
86
162
194
184
62
53
77
115
80
369
127
133
68
105
154
94
184
113
131
157
115
71
52
47
238
85
58
102
191
125
53
74
81
53
103
83
107
161
273
240
74
290
162
62
187
155
74
98
160
55
129
78
58
154
137
428
31
52
74
55
113
45
51
222
62
43
45
126
73
45
39
28
87
94
147
166
100
52
71
37
85
61
34
303
52
37
121
33
61
430
22
205
69
50
34
45
77
77
16
77
26
52
107
74
86
57
29
82
31
39
133
125
68
55
152
29
80
47
70
167
122
35
57
47
33
36
64
63
45
141
130
82
90
114
82
39
127
49
110
32
50
34
55
54
171
98
37
45
11
28
127
128
36
46
124
32
51
40
37
36
50
198
62
163
18
77
27
20
34
39
38
51
18
102
91
76
109
23
47
47
24
91
94
62
147
54
62
411
44
67
31
42
48
33
81
16
40
56
30
45
34
137
38
46
40
20
44
48
16
61
14
30
39
42
40
47
94
34
14
39
64
25
63
22
16
5
18
7
11
37
29
32
53
22
204
25
9
113
92
26
12
7
6
11
5
14
8
7
20
157
58
107
39
56
165
54
24
23
13
4
2
13
2
6
4
27
48
48
41
14
4
79
232
2
5
14
15
35
3
88
6
32
26
7
55
14
157
69
149
31
26
8
13
13
171
28
50
3
7
16
8
34
146
18
4
8
9
16
45
44
7
101
17
113
5
13
10
26
40
10
7
11
6
9
273
18
9
26
18
8
13
21
9
18
3
4
2
9
8
5
15
3
3
36
12
8
2
11
24
9
6
15
5
3
4
4
8
11
8
44
10
2
2
7
10
6
14
5
28
3
8
4
27
8
2
12
0
8
9
17
20
1
11
2
7
6
12
17
23
32
18
60
